线性核函数的支持向量为：
 [[ 298.1  308.6 1551.    42.8]
 [ 298.1  308.6 1425.    41.9]
 [ 298.5  309.  1741.    28. ]
 [ 298.6  309.1 1339.    51.1]
 [ 298.6  309.2 1742.    30. ]
 [ 298.6  309.2 1311.    46.6]
 [ 298.7  309.2 1410.    45.6]
 [ 298.9  309.3 1632.    32.5]
 [ 298.9  309.3 1581.    30.7]
 [ 299.   309.4 1561.    37.3]
 [ 299.1  309.5 1339.    48.2]
 [ 298.8  309.1 1559.    34.7]
 [ 298.8  309.2 1452.    48.6]
 [ 298.9  309.2 1581.    36.7]
 [ 298.8  309.1 1368.    49.1]
 [ 298.8  309.1 1472.    47.5]
 [ 298.7  309.  1843.    25.8]
 [ 298.9  309.2 1412.    44.1]
 [ 298.8  309.  1661.    29.5]
 [ 298.8  309.  1592.    38.2]
 [ 298.9  309.  1812.    25.9]
 [ 298.9  309.  1924.    22.6]
 [ 299.   309.  1804.    26.8]
 [ 299.   309.  1419.    45.2]
 [ 298.9  308.9 1487.    39.5]
 [ 298.9  308.9 1727.    27.1]
 [ 299.   309.  1351.    52.2]
 [ 298.9  308.9 1750.    29.9]
 [ 298.8  308.8 1441.    40.5]
 [ 298.8  308.8 1497.    46.8]
 [ 298.8  308.7 1498.    39.5]
 [ 298.8  308.6 1486.    41.9]
 [ 298.7  308.4 1430.    49.6]
 [ 298.2  308.7 1408.    46.3]
 [ 298.2  308.6 1433.    39.5]
 [ 298.2  308.7 1408.    40. ]
 [ 298.1  308.6 1558.    42.4]
 [ 298.1  308.6 1527.    40.2]
 [ 298.6  309.2 2035.    19.6]
 [ 298.8  309.3 1450.    44.8]
 [ 299.   309.4 1758.    25.7]
 [ 299.   309.5 1861.    23.3]
 [ 299.1  309.5 1512.    39. ]
 [ 299.   309.4 1693.    30.1]
 [ 299.   309.4 1798.    25.5]
 [ 298.9  309.3 1665.    32.5]
 [ 298.8  309.1 1439.    39.2]
 [ 298.8  309.1 1362.    45.4]
 [ 298.8  309.1 1368.    50.8]
 [ 298.8  309.1 1489.    49.1]
 [ 298.8  309.1 1418.    46.3]
 [ 298.9  309.1 2861.     4.6]
 [ 298.9  309.1 1383.    54.9]
 [ 298.7  309.  1565.    35.1]
 [ 298.7  309.  1691.    30.1]
 [ 298.8  309.1 1512.    40.7]
 [ 298.8  309.1 1477.    42.4]
 [ 298.8  309.1 1513.    40.3]
 [ 298.8  309.1 1378.    54.4]
 [ 298.8  309.1 1393.    52.6]
 [ 298.8  309.  1829.    22.9]
 [ 299.   309.1 1523.    38.6]
 [ 299.   309.1 1394.    45.1]
 [ 298.8  308.9 1527.    32.4]
 [ 298.9  309.1 1452.    45.5]
 [ 298.9  309.1 1369.    44.4]
 [ 299.   309.1 1592.    35. ]]
每个类别的支持向量的个数：
 [33 34]

测试向量为：['298.6', '308.4', '1778', '28.2']
测试结果为：[0]
属于M

测试向量为：['298.6', '308.4', '1407', '50.5']
测试结果为：[0]
属于M

测试向量为：['298.6', '308.4', '1391', '42.4']
测试结果为：[0]
属于M

测试向量为：['298.5', '308.4', '1513', '33.6']
测试结果为：[0]
属于M

测试向量为：['298.5', '308.4', '1612', '36.1']
测试结果为：[0]
属于M

测试向量为：['298.4', '308.4', '1515', '40.1']
测试结果为：[0]
属于M

测试向量为：['298.3', '308.3', '1379', '48.0']
测试结果为：[0]
属于M

测试向量为：['298.4', '308.3', '1473', '39.9']
测试结果为：[0]
属于M

测试向量为：['298.4', '308.3', '1422', '42.7']
测试结果为：[0]
属于M

测试向量为：['298.4', '308.2', '1463', '37.6']
测试结果为：[0]
属于M

高斯核函数的支持向量为：
 [[ 298.1  308.6 1551.    42.8]
 [ 298.1  308.6 1425.    41.9]
 [ 298.3  308.7 1667.    28.6]
 [ 298.5  309.  1741.    28. ]
 [ 298.6  309.1 1339.    51.1]
 [ 298.6  309.2 1742.    30. ]
 [ 298.6  309.2 1311.    46.6]
 [ 298.7  309.2 1410.    45.6]
 [ 298.9  309.3 1632.    32.5]
 [ 298.9  309.3 1581.    30.7]
 [ 299.   309.4 1561.    37.3]
 [ 299.1  309.5 1339.    48.2]
 [ 298.8  309.1 1559.    34.7]
 [ 298.8  309.2 1452.    48.6]
 [ 298.9  309.2 1581.    36.7]
 [ 298.8  309.1 1368.    49.1]
 [ 298.8  309.1 1472.    47.5]
 [ 298.7  309.  1843.    25.8]
 [ 298.9  309.2 1412.    44.1]
 [ 298.8  309.  1661.    29.5]
 [ 298.8  309.  1592.    38.2]
 [ 298.9  309.  1812.    25.9]
 [ 298.9  308.9 1679.    28.7]
 [ 298.9  309.  1924.    22.6]
 [ 299.   309.  1804.    26.8]
 [ 299.   309.  1419.    45.2]
 [ 298.9  308.9 1487.    39.5]
 [ 298.9  308.9 1727.    27.1]
 [ 299.   309.  1351.    52.2]
 [ 299.   309.  1575.    35.3]
 [ 298.9  308.9 1750.    29.9]
 [ 298.8  308.8 1441.    40.5]
 [ 298.8  308.8 1497.    46.8]
 [ 298.8  308.7 1498.    39.5]
 [ 298.8  308.6 1486.    41.9]
 [ 298.8  308.6 1707.    28.1]
 [ 298.7  308.4 1441.    43.2]
 [ 298.7  308.4 1430.    49.6]
 [ 298.8  308.5 1711.    28.5]
 [ 298.6  308.4 1778.    28.2]
 [ 298.2  308.7 1408.    46.3]
 [ 298.1  308.5 1498.    49.4]
 [ 298.2  308.6 1433.    39.5]
 [ 298.2  308.7 1408.    40. ]
 [ 298.1  308.6 1558.    42.4]
 [ 298.1  308.6 1527.    40.2]
 [ 298.6  309.2 2035.    19.6]
 [ 298.6  309.2 1542.    48.4]
 [ 298.8  309.3 1450.    44.8]
 [ 299.   309.4 1758.    25.7]
 [ 299.   309.5 1861.    23.3]
 [ 299.1  309.5 1512.    39. ]
 [ 299.1  309.4 1439.    44.2]
 [ 299.   309.4 1693.    30.1]
 [ 299.   309.4 1798.    25.5]
 [ 299.   309.4 1419.    48.3]
 [ 298.9  309.3 1665.    32.5]
 [ 298.8  309.1 1439.    39.2]
 [ 298.8  309.1 1350.    52.5]
 [ 298.8  309.1 1362.    45.4]
 [ 298.8  309.1 1368.    50.8]
 [ 298.8  309.1 1489.    49.1]
 [ 298.8  309.1 1418.    46.3]
 [ 298.9  309.1 2861.     4.6]
 [ 298.9  309.1 1383.    54.9]
 [ 298.7  309.  1565.    35.1]
 [ 298.7  309.  1691.    30.1]
 [ 298.8  309.1 1512.    40.7]
 [ 298.8  309.1 1477.    42.4]
 [ 298.8  309.1 1513.    40.3]
 [ 298.8  309.1 1378.    54.4]
 [ 298.8  309.1 1393.    52.6]
 [ 298.8  309.  1829.    22.9]
 [ 299.   309.1 1523.    38.6]
 [ 299.   309.1 1394.    45.1]
 [ 298.8  308.9 1527.    32.4]
 [ 298.9  309.  1410.    65.7]
 [ 298.9  309.1 1452.    45.5]
 [ 298.9  309.1 1369.    44.4]
 [ 299.   309.1 1592.    35. ]]
每个类别的支持向量的个数：
 [40 40]

测试向量为：['298.6', '308.4', '1778', '28.2']
测试结果为：[0]
属于M

测试向量为：['298.6', '308.4', '1407', '50.5']
测试结果为：[1]
属于L

测试向量为：['298.6', '308.4', '1391', '42.4']
测试结果为：[1]
属于L

测试向量为：['298.5', '308.4', '1513', '33.6']
测试结果为：[1]
属于L

测试向量为：['298.5', '308.4', '1612', '36.1']
测试结果为：[0]
属于M

测试向量为：['298.4', '308.4', '1515', '40.1']
测试结果为：[1]
属于L

测试向量为：['298.3', '308.3', '1379', '48.0']
测试结果为：[1]
属于L

测试向量为：['298.4', '308.3', '1473', '39.9']
测试结果为：[1]
属于L

测试向量为：['298.4', '308.3', '1422', '42.7']
测试结果为：[1]
属于L

测试向量为：['298.4', '308.2', '1463', '37.6']
测试结果为：[1]
属于L

决策树训练及测试

测试向量为：['298.6', '308.4', '1778', '28.2']
测试结果为：[0]
属于M

测试向量为：['298.6', '308.4', '1407', '50.5']
测试结果为：[0]
属于M

测试向量为：['298.6', '308.4', '1391', '42.4']
测试结果为：[0]
属于M

测试向量为：['298.5', '308.4', '1513', '33.6']
测试结果为：[1]
属于L

测试向量为：['298.5', '308.4', '1612', '36.1']
测试结果为：[0]
属于M

测试向量为：['298.4', '308.4', '1515', '40.1']
测试结果为：[0]
属于M

测试向量为：['298.3', '308.3', '1379', '48.0']
测试结果为：[0]
属于M

测试向量为：['298.4', '308.3', '1473', '39.9']
测试结果为：[0]
属于M

测试向量为：['298.4', '308.3', '1422', '42.7']
测试结果为：[0]
属于M

测试向量为：['298.4', '308.2', '1463', '37.6']
测试结果为：[0]
属于M

Process finished with exit code 0
